1553
1467
1280
1677
2006
2007
2190
2141
1782
1564
1453
2020
2383
2317
2475
1895
2387
2435
2160
1535
1355
1284
1698
1934
1274
1716
2192
1589
2260
2364
1915
1488
998
1072
1424
1643
1649
1401
1717
1713
2363
2363
2238
2575
1910
1477
1990
1395
1097
1399
1105
1627
1095
1542
1606
1927
1440
1888
2039
2918
1342
1290
1488
1488
1626
1626
1936
1437
1874
1739
2573
1815
1041
928
1350
1594
1565
1136
1043
1069
3179
2236
1767
2551
2948
2093
2843
2217
1304
1210
1900
1686
1705
1704
2292
2231
1836
1736
1131
1395
1649
1457
1510
2077
1632
1611
1300
1190
1821
1480
1059
1366
1163
902
967
909
1423
955
1606
1278
1176
1480
938
1333
901
1142
649
730
2999
2885
3350
2540
2309
2109
2298
2832
1613
1811
1721
1705
1976
2836
2285
1908
3892
4448
2646
3055
3230
2169
2324
2939
2873
4073
4245
4089
3357
2560
3609
3729
3255
2406
3282
2351
2068
2798
2938
3419
4937
4169
4788
4264
3605
2926
3282
3282
2868
2295
2168
1942
1315
1611
1497
2172
3290
2915
2818
1922
2172
3136
2208
2734
2251
1780
1910
1296
2462
3472
2405
2404
2346
2165
2094
1645
2152
2788
1691
1670
1397
1571
1156
953
1540
1428
959
1172
1872
1303
1541
1161
2022
2021
2011
2016
2478
2209
2037
2578
3316
2232
4122
3641
2459
3378
2585
2143
3518
2630
2225
2412
2286
2369
1995
2809
2144
2074
2574
3467
1618
2230
1567
2264
1829
1277
2480
1948
921
929
787
1109
1101
946
1658
1319
601
902
1011
980
1753
1299
1204
882
1303
925
1317
1170
667
992
781
878
1142
770
907
907
1374
1164
874
871
1607
1603
1586
1504
1355
1346
1733
1871
1582
1683
2167
1702
1680
1317
1123
1315
1266
1342
1248
881
1807
1438
1247
978
937
889
1285
1286
1991
1410
1306
1307
2156
2199
1539
1462
1493
1492
1771
1430
1232
1255
861
1176
1526
1732
1044
1482
1247
890
1204
1748
1439
1623
1601
1585
2286
1590
1641
2234
2431
2444
1687
1550
2200
2199
2459
1830
1444
1525
2234
1944
2290
2291
2296
2046
2110
1811
1872
1937
1936
1686
1332
1331
1649
1496
1302
1834
1779
1780
2245
1863
2220
2247
2710
1869
3390
2705
2471
3588
3277
2553
3208
2584
1445
1988
2358
2099
2249
2056
1929
1880
2105
1985
1755
2059
1676
1570
1384
1896
2001
1925
2200
3150
1814
1740
1667
1351
1711
1610
1775
1707
2300
3024
1837
1694
1306
1305
1282
1000
1620
1169
1424
1358
1920
1300
1301
1285
1719
1719
1576
1480
1800
1650
1753
1585
1153
922
1689
1483
1374
2072
1305
1260
1634
2144
2347
2241
1640
1641
1865
1375
1319
1926
1230
1249
3039
3440
2223
2184
3181
3147
2278
2278
1538
1538
2611
1755
1733
1715
1984
1985
2142
2142
1777
1760
1623
1736
1391
1154
2169
2741
1606
1760
2433
2250
2899
3404
1693
2018
1165
1609
2771
2771
1867
1803
1569
2114
2143
2206
2370
2407
3445
3598
38
40
49
15
37
38
49
40
57
40
30
31
39
31
44
48
20
29
41
31
50
43
37
38
39
33
14
24
36
51
22
39
29
39
36
41
22
48
33
24
44
34
53
36
24
38
38
40
39
33
36
39
42
40
36
21
15
27
29
31
32
30
30
21
44
59
42
43
38
37
52
49
53
60
58
38
67
71
67
53
22
50
46
45
74
67
41
54
45
40
36
44
42
50
43
44
38
43
39
48
25
39
45
38
46
32
32
27
26
23
37
40
32
45
31
55
42
48
56
47
51
41
34
38
32
39
48
40
24
29
19
40
32
26
41
23
22
33
27
27
25
32
33
28
35
32
30
41
42
27
26
34
37
30
43
34
27
35
28
42
37
38
36
32
33
33
32
30
38
30
38
33
41
43
42
47
44
42
42
34
54
42
42
32
49
34
37
46
37
35
38
40
32
50
26
58
33
25
35
44
39
41
36
36
47
37
33
39
43
39
38
45
42
25
24
32
32
35
44
38
31
42
34
19
20
33
45
40
38
35
23
30
46
58
42
53
39
39
42
41
55
44
26
31
34
36
41
39
33
28
44
37
42
37
45
48
51
74
67
54
42
51
44
50
39
56
48
67
57
37
42
57
54
59
26
55
64
64
34
45
39
50
30
44
40
43
18
30
72
67
61
35
91
49
30
99
77
63
79
87
53
42
71
58
63
75
73
60
26
60
45
61
60
75
68
69
60
50
63
55
37
54
36
44
47
33
31
40
60
50
67
59
41
51
36
53
53
68
46
49
43
48
47
56
61
52
66
58
48
43
71
71
81
80
48
63
59
58
78
48
31
59
46
53
51
40
59
47
55
57
40
52
57
68
37
56
55
55
61
55
64
76
48
67
65
88
72
71
53
98
77
83
80
76
114
66
71
68
42
52
91
77
130
91
120
106
69
83
67
91
57
98
59
95
55
89
53
61
58
82
57
65
84
51
70
74
63
95
79
83
79
72
91
83
97
79
81
36
87
80
80
84
99
94
35
88
80
95
78
130
122
112
92
120
107
90
136
159
81
111
158
103
137
73
92
84
115
98
98
106
127
116
130
125
124
105
122
139
104
128
140
155
115
154
160
177
107
205
132
109
180
164
116
169
169
156
296
281
215
190
221
249
291
262
480
435
288
380
259
624
774
